type		x	y	z	r   g   b   rx  ry  rz  size	shiness checker reflx trasp limit_s	 limit_e
plane		0	0	0	0   98  255 0   0   0   0	0	100	50    0

plane		100	0	40	98  98  98  0   90  0   0	0	0	0     0	    0;-300;-40	 0;300;40
plane		-100	0	40	98  98  98  0   90  0   0	0	0	0     0	    0;-300;-40	 0;300;40
plane		0	0	80	98  98  98  0   0   0   0	0	0	0     0	    -100;-300;0	 100;300;0
plane		0	-300	40	98  98  98  90  0   90  0	0	0	0     0	    -100;0;-40	 100;0;40
plane		0	300	40	98  98  98  90  0   90  0	0	0	0     0	    -100;0;-40	 100;0;40

sphere		0	0	180	0   255 0   0   0   0   100	50	0	0     0	    0;0;0	 0;0;0	   grain
sphere		-250	250	80	0   0   0   0   0   0   80	50	0	100   0
sphere		-250	-250	80	255 0   0   0   0   0   80	50	0	0     50
sphere		0	250	130	255 0   0   0   0   0   50	50	0
sphere		0	-250	130	0   0   255 0   0   0   50	50	0
spotlight 1200 -600 500 255 255 255
spotlight 1200 600 500 255 255 255
spotlight 0 -600 500 255 255 255
spotlight 0 600 500 255 255 255
