type		x	y	z	r   g   b   rx  ry  rz  size	shiness checker reflx
plane		0	0	0	0   98  255 0   0   0   0	0	0	50
sphere		0	0	100	255 165 0   0   0   0   100	0	0
sphere		300	0	100	255 165 0   0   0   0   100	0
sphere		600	0	100	255 165 0   0   0   0   100	0
sphere		900	0	100	255 165 0   0   0   0   100	0
sphere 		1200 	0 	100 	255 255 255 0 	0   0 	100 	0	0
sphere 0 300 100 255 255 255 0 0 0 100
sphere 300 300 100 255 165 0 0 0 0 100
sphere 600 300 100 255 165 0 0 0 0 100
sphere 900 300 100 255 165 0 0 0 0 100
sphere 1200 300 100 255 165 0 0 0 0 100
sphere 0 600 100 255 165 0 0 0 0 100
sphere 300 600 100 255 165 0 0 0 0 100
sphere 600 600 100 255 165 0 0 0 0 100
sphere 900 600 100 255 165 0 0 0 0 100
sphere 1200 600 100 255 165 0 0 0 0 100
sphere 0 -300 100 255 165 0 0 0 0 100
sphere 300 -300 100 255 165 0 0 0 0 100
sphere 600 -300 100 255 165 0 0 0 0 100
sphere 900 -300 100 255 165 0 0 0 0 100
sphere 1200 -300 100 255 165 0 0 0 0 100
sphere 0 -600 100 255 165 0 0 0 0 100
sphere 300 -600 100 255 165 0 0 0 0 100
sphere 600 -600 100 255 165 0 0 0 0 100
sphere 900 -600 100 255 165 0 0 0 0 100
sphere 1200 -600 100 255 165 0 0 0 0 100
spotlight 1200 -600 500 255 255 255
spotlight 1200 600 500 255 255 255
spotlight 0 -600 500 255 255 255
spotlight 0 600 500 255 255 255
